这-是-我的-老师_张江涛_emg:
 [5, 2, 6, 8, 1, 7, 4, 3]
这-是-我的-老师_张江涛_imu:
 [1, 4, 2, 3, 5, 7, 6, 9, 8, 10]
你-叫-什么-名字_张江涛_emg:
 [5, 1, 8, 4, 3, 2, 7, 6]
你-叫-什么-名字_张江涛_imu:
 [1, 4, 3, 2, 5, 7, 9, 8, 6, 10]
我-特别-喜欢-绘画_张江涛_emg:
 [5, 3, 1, 8, 6, 4, 2, 7]
我-特别-喜欢-绘画_张江涛_imu:
 [3, 2, 4, 1, 8, 7, 6, 9, 5, 10]
我-特别-喜欢-书法_张江涛_emg:
 [3, 6, 4, 1, 8, 2, 7, 5]
我-特别-喜欢-书法_张江涛_imu:
 [5, 8, 6, 7, 1, 9, 2, 4, 10, 3]
我-特别-喜欢-雕刻_张江涛_emg:
 [5, 2, 8, 6, 1, 3, 7, 4]
我-特别-喜欢-雕刻_张江涛_imu:
 [4, 1, 2, 3, 8, 5, 6, 7, 9, 10]
我-特别-喜欢-摄影_张江涛_emg:
 [8, 5, 7, 2, 3, 4, 1, 6]
我-特别-喜欢-摄影_张江涛_imu:
 [4, 2, 1, 9, 8, 7, 6, 3, 5, 10]
这-是-我的-亲戚_张江涛_emg:
 [5, 2, 7, 6, 1, 4, 8, 3]
这-是-我的-亲戚_张江涛_imu:
 [1, 4, 2, 3, 7, 5, 8, 9, 6, 10]
这-是-我的-学生_张江涛_emg:
 [5, 2, 7, 4, 3, 1, 8, 6]
这-是-我的-学生_张江涛_imu:
 [2, 3, 4, 1, 5, 6, 7, 10, 8, 9]
这-是-我的-领导_张江涛_emg:
 [2, 5, 1, 7, 8, 6, 4, 3]
这-是-我的-领导_张江涛_imu:
 [5, 10, 2, 3, 6, 7, 9, 4, 1, 8]
这-是-我的-同事_张江涛_emg:
 [5, 2, 8, 1, 6, 3, 4, 7]
这-是-我的-同事_张江涛_imu:
 [5, 7, 1, 2, 4, 3, 8, 6, 9, 10]
