我-特别-喜欢-雕刻_张江涛_emg:
 [5, 6, 2, 3, 7, 1, 8, 4]
我-特别-喜欢-雕刻_张江涛_imu:
 [4, 1, 3, 2, 8, 6, 5, 9, 7, 10]
这-是-我的-同事_张江涛_emg:
 [5, 8, 7, 2, 3, 1, 6, 4]
这-是-我的-同事_张江涛_imu:
 [1, 4, 3, 2, 5, 8, 7, 9, 6, 10]
这-是-我的-亲戚_张江涛_emg:
 [5, 8, 6, 4, 2, 1, 7, 3]
这-是-我的-亲戚_张江涛_imu:
 [4, 1, 3, 2, 7, 5, 9, 8, 6, 10]
你-叫-什么-名字_张江涛_emg:
 [5, 4, 2, 6, 3, 1, 8, 7]
你-叫-什么-名字_张江涛_imu:
 [3, 2, 7, 9, 4, 6, 8, 5, 1, 10]
我-特别-喜欢-绘画_张江涛_emg:
 [5, 3, 6, 1, 2, 8, 4, 7]
我-特别-喜欢-绘画_张江涛_imu:
 [4, 3, 1, 2, 7, 8, 9, 10, 6, 5]
我-特别-喜欢-摄影_张江涛_emg:
 [2, 5, 1, 7, 6, 3, 8, 4]
我-特别-喜欢-摄影_张江涛_imu:
 [4, 1, 3, 2, 9, 8, 6, 5, 7, 10]
我-特别-喜欢-书法_张江涛_emg:
 [4, 5, 2, 1, 3, 8, 6, 7]
我-特别-喜欢-书法_张江涛_imu:
 [3, 2, 4, 5, 8, 1, 7, 6, 9, 10]
这-是-我的-领导_张江涛_emg:
 [5, 7, 6, 2, 1, 3, 4, 8]
这-是-我的-领导_张江涛_imu:
 [4, 1, 3, 2, 5, 9, 6, 10, 7, 8]
这-是-我的-学生_张江涛_emg:
 [5, 2, 7, 1, 4, 3, 6, 8]
这-是-我的-学生_张江涛_imu:
 [4, 1, 2, 3, 7, 6, 5, 10, 9, 8]
这-是-我的-老师_张江涛_emg:
 [5, 2, 4, 6, 1, 8, 3, 7]
这-是-我的-老师_张江涛_imu:
 [4, 1, 3, 2, 5, 7, 9, 6, 10, 8]
