这-是-我的-老师_张江涛_emg:
 [5, 2, 6, 1, 4, 8, 3, 7]
这-是-我的-老师_张江涛_imu:
 [3, 2, 5, 9, 10, 4, 1, 6, 8, 7]
这-是-我的-老师_郑志文_emg:
 [1, 5, 2, 4, 6, 8, 3, 7]
这-是-我的-老师_郑志文_imu:
 [2, 3, 4, 7, 1, 9, 6, 8, 10, 5]
图书馆-什么-时候-开_张江涛_emg:
 [3, 5, 8, 1, 4, 2, 6, 7]
图书馆-什么-时候-开_张江涛_imu:
 [2, 3, 1, 8, 6, 4, 10, 5, 9, 7]
图书馆-什么-时候-开_郑志文_emg:
 [2, 5, 6, 4, 7, 1, 3, 8]
图书馆-什么-时候-开_郑志文_imu:
 [1, 4, 3, 2, 6, 7, 9, 10, 8, 5]
我-特别-喜欢-摄影_张江涛_emg:
 [5, 4, 7, 6, 2, 1, 3, 8]
我-特别-喜欢-摄影_张江涛_imu:
 [1, 9, 3, 8, 7, 6, 2, 10, 5, 4]
我-特别-喜欢-摄影_郑志文_emg:
 [5, 7, 2, 6, 1, 3, 8, 4]
我-特别-喜欢-摄影_郑志文_imu:
 [1, 4, 9, 5, 2, 7, 3, 6, 8, 10]
这-是-我的-同事_张江涛_emg:
 [5, 3, 8, 1, 2, 7, 6, 4]
这-是-我的-同事_张江涛_imu:
 [3, 2, 5, 4, 7, 1, 8, 6, 10, 9]
这-是-我的-同事_郑志文_emg:
 [6, 4, 5, 7, 2, 8, 3, 1]
这-是-我的-同事_郑志文_imu:
 [7, 9, 5, 6, 8, 10, 1, 4, 2, 3]
放射科-在-一-楼_张江涛_emg:
 [1, 3, 7, 8, 6, 4, 2, 5]
放射科-在-一-楼_张江涛_imu:
 [2, 3, 4, 1, 9, 7, 6, 8, 5, 10]
放射科-在-一-楼_郑志文_emg:
 [1, 7, 6, 5, 3, 2, 4, 8]
放射科-在-一-楼_郑志文_imu:
 [2, 3, 7, 5, 6, 9, 10, 8, 4, 1]
CT-室-在-一-楼_张江涛_emg:
 [7, 4, 1, 2, 3, 6, 8, 5]
CT-室-在-一-楼_张江涛_imu:
 [2, 3, 1, 4, 7, 8, 9, 5, 10, 6]
CT-室-在-一-楼_郑志文_emg:
 [5, 1, 8, 2, 4, 3, 6, 7]
CT-室-在-一-楼_郑志文_imu:
 [6, 7, 5, 9, 4, 2, 1, 3, 8, 10]
B超-室-在-一-楼_张江涛_emg:
 [5, 2, 7, 6, 4, 1, 8, 3]
B超-室-在-一-楼_张江涛_imu:
 [2, 3, 4, 1, 9, 7, 5, 6, 10, 8]
B超-室-在-一-楼_郑志文_emg:
 [5, 1, 2, 6, 4, 3, 8, 7]
B超-室-在-一-楼_郑志文_imu:
 [7, 5, 6, 10, 8, 2, 9, 4, 1, 3]
图书馆-哪里-可以-自习_张江涛_emg:
 [3, 5, 4, 1, 2, 8, 6, 7]
图书馆-哪里-可以-自习_张江涛_imu:
 [2, 3, 6, 7, 8, 10, 4, 9, 5, 1]
图书馆-哪里-可以-自习_郑志文_emg:
 [4, 2, 5, 3, 1, 8, 6, 7]
图书馆-哪里-可以-自习_郑志文_imu:
 [4, 1, 9, 3, 6, 7, 10, 8, 5, 2]
这-是-我的-领导_张江涛_emg:
 [6, 1, 5, 2, 7, 8, 3, 4]
这-是-我的-领导_张江涛_imu:
 [3, 2, 1, 5, 10, 6, 7, 9, 8, 4]
这-是-我的-领导_郑志文_emg:
 [7, 3, 5, 8, 1, 2, 4, 6]
这-是-我的-领导_郑志文_imu:
 [2, 3, 4, 1, 7, 9, 6, 8, 10, 5]
我-特别-喜欢-绘画_张江涛_emg:
 [5, 4, 6, 2, 1, 8, 3, 7]
我-特别-喜欢-绘画_张江涛_imu:
 [2, 3, 1, 9, 7, 8, 5, 6, 10, 4]
我-特别-喜欢-绘画_郑志文_emg:
 [6, 7, 3, 5, 1, 4, 2, 8]
我-特别-喜欢-绘画_郑志文_imu:
 [4, 1, 2, 3, 7, 9, 6, 8, 5, 10]
这-是-我的-亲戚_张江涛_emg:
 [5, 2, 8, 6, 3, 4, 1, 7]
这-是-我的-亲戚_张江涛_imu:
 [3, 2, 9, 8, 1, 7, 4, 5, 10, 6]
这-是-我的-亲戚_郑志文_emg:
 [5, 2, 1, 6, 4, 3, 8, 7]
这-是-我的-亲戚_郑志文_imu:
 [3, 2, 4, 1, 7, 6, 9, 8, 5, 10]
我-特别-喜欢-雕刻_张江涛_emg:
 [5, 1, 6, 2, 3, 8, 4, 7]
我-特别-喜欢-雕刻_张江涛_imu:
 [3, 2, 8, 9, 5, 6, 10, 1, 7, 4]
我-特别-喜欢-雕刻_郑志文_emg:
 [1, 6, 2, 7, 3, 4, 8, 5]
我-特别-喜欢-雕刻_郑志文_imu:
 [1, 9, 7, 4, 5, 2, 6, 8, 10, 3]
我-特别-喜欢-书法_张江涛_emg:
 [1, 4, 3, 7, 2, 6, 5, 8]
我-特别-喜欢-书法_张江涛_imu:
 [4, 1, 5, 2, 3, 8, 7, 6, 9, 10]
我-特别-喜欢-书法_郑志文_emg:
 [6, 2, 3, 1, 4, 5, 7, 8]
我-特别-喜欢-书法_郑志文_imu:
 [1, 3, 2, 7, 9, 5, 6, 8, 4, 10]
这-是-我的-学生_张江涛_emg:
 [5, 2, 3, 7, 1, 8, 4, 6]
这-是-我的-学生_张江涛_imu:
 [3, 2, 5, 7, 10, 6, 4, 9, 8, 1]
这-是-我的-学生_郑志文_emg:
 [3, 2, 4, 6, 8, 1, 5, 7]
这-是-我的-学生_郑志文_imu:
 [2, 3, 1, 7, 9, 4, 6, 8, 5, 10]
化验-室-在-一-楼_张江涛_emg:
 [5, 2, 1, 7, 6, 4, 3, 8]
化验-室-在-一-楼_张江涛_imu:
 [2, 3, 1, 4, 8, 5, 7, 9, 6, 10]
化验-室-在-一-楼_郑志文_emg:
 [5, 1, 2, 8, 3, 7, 4, 6]
化验-室-在-一-楼_郑志文_imu:
 [4, 5, 7, 1, 9, 6, 2, 10, 8, 3]
图书馆-什么-时候-关_张江涛_emg:
 [5, 4, 2, 3, 6, 1, 7, 8]
图书馆-什么-时候-关_张江涛_imu:
 [2, 3, 7, 5, 1, 4, 8, 10, 6, 9]
图书馆-什么-时候-关_郑志文_emg:
 [2, 6, 5, 1, 4, 7, 3, 8]
图书馆-什么-时候-关_郑志文_imu:
 [2, 1, 3, 4, 6, 7, 10, 8, 9, 5]
你-叫-什么-名字_张江涛_emg:
 [3, 4, 7, 8, 2, 1, 5, 6]
你-叫-什么-名字_张江涛_imu:
 [4, 1, 3, 2, 7, 6, 9, 8, 5, 10]
你-叫-什么-名字_郑志文_emg:
 [7, 1, 5, 3, 6, 2, 8, 4]
你-叫-什么-名字_郑志文_imu:
 [1, 4, 7, 8, 6, 3, 10, 9, 5, 2]
